image_width: 1600
image_height: 1200
camera_name: pg_15291221
camera_matrix:
  rows: 3
  cols: 3
  data: [1785.72730868894, 0, 715.923961708747, 0, 1780.09592590026, 593.785488137121, 0, 0, 1]
distortion_model: plumb_bob
distortion_coefficients:
  rows: 1
  cols: 5
  data: [-0.267140575239050, 0.507770148717088, 0.00281076635186985, -0.00394252359308170, -0.928025454251608]
rectification_matrix:
  rows: 3
  cols: 3
  data: [1, 0, 0, 0, 1, 0, 0, 0, 1]
projection_matrix:
  rows: 3
  cols: 4
  data: [1785.72730868894, 0, 715.923961708747, 0, 0, 1780.09592590026, 593.785488137121, 0, 0, 0, 1, 0]

